Puzzle   Avg(ms)    STD(ms)    Time%    Avg(MB)    STD(MB)    Mem%     Lang       Size(kB)   Lines 
-----------------------------------------------------------------------------------------------
1        142.48     45.64      3.08     5.44       4.98       7.19     .py        0.99       37    
2        208.28     3.22       4.51     12.61      0.15       16.66    .py        1.38       59    
3        176.23     49.92      3.81     8.90       4.95       11.77    .py        1.26       44    
4        2286.02    49.56      49.49    14.19      0.03       18.76    .py        1.83       64    
5        175.91     49.13      3.81     8.82       4.90       11.65    .py        1.62       61    
6        1420.94    93.39      30.76    12.95      0.07       17.12    .py        1.68       57    
7        209.55     4.91       4.54     12.75      0.50       16.85    .py        3.06       97    
-----------------------------------------------------------------------------------------------
Total    4619.40    295.75     100.00   75.67      15.58      100.00              11.83      419   

Challenge: FlipFlop Codes Year 2025, Iterations: 3