Problem  Avg(ms)    STD(ms)    Time%    Avg(MB)    STD(MB)    Mem%     Lang       Size(kB)   Lines 
-----------------------------------------------------------------------------------------------
1        106.82     1.97       1.15     1.89       0.01       0.36     .py        1.39       41    
2        842.69     46.26      9.08     89.94      0.21       16.92    .py        1.89       59    
3        106.03     1.04       1.14     1.88       0.01       0.35     .py        1.12       40    
4        106.24     0.89       1.15     1.90       0.01       0.36     .py        1.99       54    
5        106.21     1.27       1.14     1.90       0.03       0.36     .py        2.03       65    
6        809.96     0.83       8.73     89.96      0.69       16.93    .py        1.36       48    
7        106.15     1.37       1.14     1.89       0.00       0.36     .py        3.02       79    
8        107.00     1.21       1.15     1.89       0.01       0.36     .py        1.56       51    
9        107.60     1.59       1.16     1.89       0.00       0.36     .py        4.46       114   
10       206.93     0.97       2.23     26.31      0.94       4.95     .py        5.34       159   
11       106.40     0.67       1.15     1.88       0.01       0.35     .py        1.47       50    
12       976.31     48.11      10.52    89.90      0.06       16.92    .py        5.49       150   
13       206.61     1.08       2.23     26.84      0.12       5.05     .py        2.64       80    
14       206.38     1.42       2.22     26.98      0.17       5.08     .py        2.94       79    
15       106.09     1.10       1.14     1.89       0.00       0.36     .py        3.46       89    
16       942.21     46.83      10.15    91.12      0.07       17.14    .py        5.94       148   
17       1144.06    46.40      12.33    22.17      0.07       4.17     .py        7.74       191   
18       2985.10    175.09     32.17    51.23      0.16       9.64     .rb        3.63       140   
-----------------------------------------------------------------------------------------------
Total    9278.80    378.10     100.00   531.45     2.58       100.00              57.49      1637  

Challenge: Codyssi 2025: Journey to Atlantis, Iterations: 3