Problem  Avg(ms)    STD(ms)    Time%    Avg(MB)    STD(MB)    Mem%     Lang       Size(kB)   Lines 
-----------------------------------------------------------------------------------------------
1        106.30     2.25       1.18     1.86       0.01       0.35     .py        1.39       41    
2        741.83     48.88      8.27     89.84      0.11       16.85    .py        1.89       59    
3        106.02     1.07       1.18     1.87       0.01       0.35     .py        1.12       40    
4        106.09     0.95       1.18     1.87       0.01       0.35     .py        1.99       54    
5        105.78     1.18       1.18     1.86       0.00       0.35     .py        2.03       65    
6        741.90     49.14      8.27     89.79      0.50       16.84    .py        1.36       48    
7        106.35     1.49       1.19     1.87       0.00       0.35     .py        3.02       79    
8        105.67     0.86       1.18     1.86       0.01       0.35     .py        1.56       51    
9        106.38     1.58       1.19     1.87       0.01       0.35     .py        4.46       114   
10       206.26     1.07       2.30     27.75      0.04       5.20     .py        5.34       159   
11       106.33     1.51       1.19     1.86       0.01       0.35     .py        1.47       50    
12       910.26     2.61       10.15    90.04      0.08       16.89    .py        5.49       150   
13       206.91     1.60       2.31     27.49      0.47       5.16     .py        2.64       80    
14       206.51     1.04       2.30     27.44      0.11       5.15     .py        2.94       79    
15       106.23     0.70       1.18     1.87       0.01       0.35     .py        3.46       89    
16       942.65     49.18      10.51    90.90      0.02       17.05    .py        5.94       148   
17       1143.53    49.02      12.75    22.37      0.08       4.20     .py        7.74       191   
18       2915.86    284.14     32.50    50.77      0.31       9.52     .rb        3.63       140   
-----------------------------------------------------------------------------------------------
Total    8970.87    498.28     100.00   533.18     1.78       100.00              57.49      1637  

Challenge: Codyssi 2025: Journey to Atlantis, Iterations: 3