Challenge Avg(ms)    STD(ms)    Time%    Avg(MB)    STD(MB)    Mem%     Lang       Size(kB)   Lines 
-----------------------------------------------------------------------------------------------
0        579.11     248.18     20.10    1.87       0.03       14.42    .rs        1.71       62    
1        404.31     12.36      14.03    1.85       0.01       14.26    .rs        1.99       69    
2        372.44     4.01       12.92    1.85       0.00       14.27    .rs        1.24       43    
3        391.20     12.88      13.58    1.85       0.01       14.22    .rs        1.73       59    
4        367.76     14.88      12.76    1.85       0.01       14.27    .rs        1.02       41    
5        387.45     15.99      13.44    1.85       0.01       14.26    .rs        2.38       79    
6        379.52     13.10      13.17    1.86       0.01       14.31    .rs        1.30       49    
-----------------------------------------------------------------------------------------------
Total    2881.80    321.40     100.00   12.99      0.07       100.00              11.38      402   

Challenge: AquaQ Challenges, Iterations: 3