Quest    Avg(ms)    STD(ms)    Time%    Avg(MB)    STD(MB)    Mem%     Lang       Size(kB)   Lines 
-----------------------------------------------------------------------------------------------
1        106.56     1.34       6.35     1.89       0.01       2.72     .js        0.53       20    
2        104.69     0.27       6.24     1.89       0.01       2.72     .js        0.59       22    
3        104.87     0.70       6.25     1.89       0.00       2.73     .js        0.61       25    
4        105.35     0.49       6.28     1.89       0.00       2.74     .js        1.00       39    
5        104.96     0.53       6.26     1.89       0.01       2.74     .js        1.66       53    
6        104.75     0.33       6.25     1.89       0.00       2.74     .js        1.15       38    
7        105.02     0.44       6.26     1.89       0.00       2.74     .js        2.30       68    
8        104.94     0.61       6.26     1.88       0.01       2.72     .js        1.58       49    
9        104.86     0.43       6.25     1.88       0.00       2.72     .js        1.28       36    
10       104.79     0.48       6.25     1.89       0.00       2.73     .js        1.28       41    
11       104.56     0.52       6.23     1.89       0.01       2.73     .js        0.92       44    
12       105.20     0.21       6.27     1.89       0.00       2.73     .js        2.03       76    
13       105.11     0.29       6.27     1.89       0.00       2.73     .js        4.71       124   
14       311.43     8.40       18.57    44.65      0.13       64.51    .js        1.23       47    
-----------------------------------------------------------------------------------------------
Total    1677.08    15.04      100.00   69.20      0.21       100.00              20.87      682   

Challenge: Marches & Gnats: Turing Machines, Iterations: 3