Quest    Avg(ms)    STD(ms)    Time%    Avg(MB)    STD(MB)    Mem%     Lang       Size(kB)   Lines 
-----------------------------------------------------------------------------------------------
1        140.16     48.98      6.73     8.98       10.09      3.62     .js        0.53       20    
2        105.58     0.29       5.07     1.86       0.01       0.75     .js        0.59       22    
3        106.50     2.01       5.11     1.86       0.01       0.75     .js        0.61       25    
4        207.73     0.87       9.97     21.61      7.51       8.72     .js        1.00       39    
5        105.87     0.72       5.08     1.24       0.88       0.50     .js        1.66       53    
6        173.92     47.94      8.35     9.88       7.41       3.98     .js        1.15       38    
7        206.07     0.40       9.89     38.65      1.14       15.59    .js        2.30       68    
8        206.31     0.51       9.90     39.19      1.62       15.80    .js        1.58       49    
9        206.08     0.92       9.89     40.01      0.18       16.13    .js        1.28       36    
10       206.45     0.18       9.91     41.10      0.29       16.57    .js        1.28       41    
11       105.67     0.33       5.07     1.86       0.01       0.75     .js        0.92       44    
12       105.96     0.66       5.09     1.86       0.00       0.75     .js        2.03       76    
13       206.74     0.93       9.92     39.90      0.32       16.09    .js        4.71       124   
-----------------------------------------------------------------------------------------------
Total    2083.04    104.74     100.00   248.01     29.47      100.00              19.64      635   

Challenge: Marches & Gnats: Turing Machines, Iterations: 3