Puzzle   Avg(ms)    STD(ms)    Time%    Avg(MB)    STD(MB)    Mem%     Lang       Size(kB)   Lines 
-----------------------------------------------------------------------------------------------
1        106.62     1.94       0.66     1.87       0.01       0.28     .py        1.16       43    
2        575.05     94.66      3.58     65.67      0.00       9.94     .py        1.18       36    
3        106.48     1.12       0.66     1.87       0.01       0.28     .py        0.97       29    
4        206.84     0.81       1.29     20.39      0.72       3.09     .py        1.93       56    
5        106.15     1.15       0.66     1.87       0.01       0.28     .py        0.96       38    
6        876.96     125.31     5.46     90.42      0.15       13.68    .py        2.72       74    
7        106.42     0.82       0.66     1.87       0.00       0.28     .py        1.71       57    
8        106.54     1.43       0.66     1.87       0.00       0.28     .py        3.00       92    
9        106.56     1.74       0.66     1.87       0.01       0.28     .py        3.59       103   
10       6531.23    82.99      40.69    90.67      0.11       13.72    .py        2.36       75    
11       909.93     1.19       5.67     16.89      0.05       2.55     .py        2.23       62    
12       808.71     0.99       5.04     89.98      0.09       13.61    .py        6.58       210   
13       106.04     1.19       0.66     1.87       0.01       0.28     .py        3.29       101   
14       106.35     0.98       0.66     1.86       0.01       0.28     .py        3.03       73    
15       976.83     47.64      6.09     107.33     2.80       16.24    .py        6.25       152   
16       206.98     0.83       1.29     23.96      0.49       3.63     .py        11.21      253   
17       1043.52    48.49      6.50     24.14      0.03       3.65     .py        13.51      342   
18       307.48     0.99       1.92     18.10      0.08       2.74     .py        6.04       145   
19       2247.12    758.78     14.00    33.90      0.99       5.13     .py        6.46       150   
20       508.12     1.77       3.17     64.57      0.44       9.77     .py        5.93       149   
-----------------------------------------------------------------------------------------------
Total    16049.92   1174.83    100.00   660.98     6.01       100.00              84.10      2240  

Challenge: Internationalization Puzzles, Iterations: 3